5391
4433
1533
5979
769
2751
5891
5428
2284
3837
1349
2462
3723
130
4347
4994
1753
2105
1344
4811
3699
3563
2420
5100
5326
2139
1867
4406
879
1184
1768
4321
3968
4203
1482
3508
2984
2191
623
1184
483
3593
5491
923
412
2135
2920
497
174
1556
3270
5593
2381
2158
3658
4488
5600
231
1660
1253
2638
5709
2485
2658
4762
1887
5099
2838
2830
1748
2939
5757
3564
4240
2716
4741
1135
4991
4321
2750
4873
3105
101
605
5213
3171
662
3221
16
3178
2959
3788
4085
4894
2738
5055
4063
3197
5346
5138
3017
5067
4597
4852
5704
1282
731
4248
4998
4450
3559
1927
4095
1702
5556
5819
3891
5346
4155
2328
475
5862
2527
291
1853
2944
3951
742
5900
1769
352
3392
5104
5361
2738
3714
1939
3772
116
2735
1625
2880
29
3053
2665
3808
2023
3143
3896
423
1346
1846
1759
2982
1704
3821
1216
786
1233
4959
4093
5712
4810
36
3739
1643
2474
1436
599
4223
98
1464
1779
4857
477
3690
4788
682
720
820
1481
2116
1269
5882
720
1720
921
1963
5450
4423
5080
1393
1806
5632
2869
2086
404
4444
2968
2785
1225
4022
5822
4165
3468
2269
5455
3138
4348
3171
1333
5297
4165
4583
3611
5187
4951
5898
1727
4094
702
4779
4588
127
2598
4183
4537
5766
649
1040
3018
1512
4005
4339
1117
5045
1569
2916
3278
1122
717
5990
1161
607
4715
2399
5051
3221
961
1637
4309
130
2356
1050
4161
1079
2979
5094
1571
641
836
179
2140
1178
2695
4544
780
2297
4939
606
1491
3991
4056
1515
5771
1258
4647
36
1091
1725
1865
4530
509
4792
895
1559
1720
947
4458
3709
2880
5252
379
300
3158
1469
3053
2113
2336
1101
1027
759
5822
2404
112
1070
5135
4605
3208
4837
1393
5785
546
292
4354
1347
5269
2097
4413
1655
3100
3027
5415
2239
3483
1263
4278
4015
764
45
5315
135
5999
5502
636
4530
531
3713
5284
4732
5870
3484
4611
401
2345
932
69
880
3756
1777
3821
2290
4578
1234
2569
980
4383
5572
4682
1706
2868
3772
2020
3577
2342
272
2910
4741
4651
2518
1449
1839
4319
5981
4720
560
5233
410
5605
1041
4335
2387
670
4553
4724
4745
75
5715
4089
3096
5606
5515
2684
1571
5803
4610
3988
1916
3673
1798
4809
4372
711
1117
5947
1122
4863
800
5488
3798
5657
299
4542
3231
1040
1694
1581
736
3399
3179
4620
5302
924
810
4247
476
2831
430
2923
288
978
556
5146
3253
4147
1129
4838
3473
2670
4279
4877
3945
184
1705
4844
3487
2071
4966
2961
3188
638
5736
4752
2968
5238
1181
223
3693
1364
2755
1306
3351
4357
3147
5905
3025
2473
1696
2264
5838
1104
5343
1330
1639
436
141
5498
52
3174
5556
5492
4417
918
6
3248
3419
5451
1751
5353
1506
4523
1824
3085
5773
4779
1677
1237
5720
3196
1272
4671
5238
2788
3595
5122
3269
2472
1083
4916
4894
741
4039
5172
114
2286
4999
3609
3245
3864
5998
1360
5697
2556
3909
1106
1030
110
2424
2503
1321
5257
1826
5170
388
5841
1467
2542
1983
4180
4848
5537
3897
2354
5315
3424
3886
3113
5741
2306
4526
2749
67
3398
1450
2622
4315
1737
1007
4073
3524
3075
1063
5177
3228
2530
2667
1211
3282
5082
2357
5800
4358
3184
1217
488
3055
2648
3285
2983
2409
2525
2558
2440
602
1965
2772
51
3892
2977
3094
2703
4166
4643
206
4706
5121
3663
595
1512
3824
4106
4552
5947
2390
1935
5130
1732
1644
3272
1351
5098
964
5406
5081
912
2050
2337
1394
5122
3037
4072
786
2312
3291
3011
2329
1967
4311
3619
3809
5355
2410
5032
1978
5131
338
485
3376
3484
3623
2304
5649
2165
5276
2779
4995
871
3488
5494
1194
5330
3200
4633
1783
943
5779
5408
3114
2105
5642
3075
4532
5183
456
3010
4457
4778
462
4014
15
2171
4635
5392
803
5802
4756
1414
2591
331
935
2547
103
1162
3893
5249
5593
3332
142
1283
5639
5433
4377
3323
553
2603
544
2097
2882
1752
3648
1549
5777
2952
1864
4365
537
5427
5491
751
5277
2704
5180
669
3519
1367
1189
3602
626
1363
3727
613
1155
3073
82
2764
1703
1226
993
5937
1382
2378
2663
4832
5903
929
3986
4295
5208
657
2872
2146
4797
4379
1088
2520
3217
1724
5738
4084
4798
4034
1395
1703
5385
4113
7
894
1822
994
3924
3935
2983
1960
910
4683
1505
5858
601
4047
2845
5208
3724
1611
3959
1809
4430
5174
5765
1320
2263
4911
5627
2909
5727
2490
301
4244
5962
3799
242
17
832
943
2771
1808
2688
867
4412
2350
5189
2332
1688
4285
1940
2050
2858
96
192
549
2430
2314
571
4739
3837
5080
4708
1345
3417
3910
2701
1139
755
3909
1653
429
553
3752
4940
3460
3516
1593
3543
5257
4221
3484
3607
3006
4606
5074
2400
1334
599
5216
4061
4777
4454
1625
926
5377
574
3957
1804
4646
93
615
5331
1158
3019
169
2515
5710
4627
4550
5719
5381
713
1184
5643
3894
4546
4886
1435
2416
2684
5652
3722
406
3407
3570
4266
4234
228
2774
3058
4107
1897
2756
1888
1371
3405
1506
924
405
5818
2670
3476
4268
253
4449
5921
2747
4988
1082
2852
3808
4534
4639
3646
4291
5627
1344
2097
5406
5236
944
5335
2860
2199
1452
5993
4461
4654
5294
593
3744
4277
4102
1219
535
3290
4419
2906
2454
1426
5193
1699
5079
1352
2355
32
4998
2647
3741
2973
5030
4143
1391
971
778
387
5664
2026
2151
2081
2675
619
2689
4657
1398
447
3414
5662
1207
2783
498
265
814
334
1276
1104
5416
3692
5107
5703
375
3820
2189
5970
5022
1657
2767
5690
5022
4653
1174
3530
4426
4027
5842
4926
728
3692
5793
4144
303
4087
4201
2048
3196
3745
