4359
3430
5635
4054
831
2329
3645
635
2719
4503
1874
5809
4750
3143
163
889
3447
3042
2472
527
5806
1713
4582
1959
777
3478
4460
1836
5462
4175
321
4368
122
4060
2307
670
5130
4464
2187
674
507
4075
5768
3453
5157
5070
4566
1669
5750
4011
4917
4768
3047
3164
1984
5680
5739
913
1094
5162
4993
5134
3494
4402
2629
720
1973
225
320
2045
5841
150
2299
4859
445
605
5923
2052
5880
4916
906
1852
557
92
1267
1282
2200
5147
3871
2240
5188
2437
2066
4220
3420
3636
2130
552
1693
3039
200
2110
2100
5424
5998
1649
1221
3158
2967
5407
762
2107
4457
4160
2909
3798
4262
5788
3948
4461
1237
3330
1675
5913
3753
2763
5794
755
4501
5021
3818
3070
5658
3395
4081
1695
4468
2153
4128
2250
2193
1157
1214
4347
4840
4371
5727
1886
2289
1461
2101
2973
1331
3174
3347
1840
5658
853
2379
2171
161
2324
2261
1428
3787
2436
3973
1203
2839
4778
2561
3157
971
1515
412
3929
5067
4927
23
5322
1936
2994
1905
2230
5119
414
2243
4113
4166
1562
3598
2331
511
3312
267
3375
4507
1170
1
2912
1309
1913
5430
1668
1135
1845
40
3411
5905
5935
4598
5790
3480
3341
4683
2415
602
3387
551
1388
4181
4670
607
1542
3851
892
5691
4831
671
4031
887
1710
3443
2723
2797
3969
5467
5149
3129
4178
2545
1332
2047
4950
3756
1565
1041
291
1865
5656
999
1721
4363
1890
890
1287
4813
2946
3758
4381
1687
4549
1804
5098
1982
3431
5034
17
3691
31
2383
2515
793
547
2299
3190
522
2191
1585
648
5627
5050
4758
697
1871
3594
5337
1043
5288
739
3347
4784
2632
3455
3838
3387
2139
1107
5459
4433
1963
183
21
5172
4736
3662
5622
1887
4327
4054
3123
5242
3298
203
4833
5061
4606
1030
4827
2600
2856
4833
751
3974
2864
4276
4948
1389
4408
2956
4487
2869
5860
1351
5109
4432
5924
2070
3156
1160
3869
2648
4377
3238
529
588
4961
3848
2942
2060
2316
3878
4709
4499
4961
5566
2140
4435
4421
3613
861
1104
5278
1899
4868
5811
2388
2682
4049
4647
2930
5125
4867
5976
5192
5159
2268
2055
4011
1013
2978
2371
420
248
1082
627
4424
865
4232
5854
2836
952
2957
2885
4881
2397
378
344
615
2483
5122
5404
3381
4651
4424
3901
1242
323
5307
5868
5874
1568
1269
209
2496
5350
181
4143
1323
373
4039
3047
3519
887
4839
2627
4882
4414
5175
1716
4397
4131
3150
655
4382
3619
2890
4994
4246
5793
4340
3242
865
5204
3072
600
3229
1406
4610
5917
5350
787
205
2729
3503
5171
2138
2942
5548
1565
2420
1644
5518
4733
5313
1680
1757
4676
5233
2882
3667
2809
5515
3382
2619
1425
81
3072
4715
5048
1294
2173
4969
1516
3235
2907
3988
1023
279
1511
1477
906
2151
3277
5781
4771
4644
880
1306
2487
5896
4104
1931
746
5483
3018
2482
2186
3675
2886
4044
2626
918
3410
194
4675
3106
3483
4301
1829
282
3372
2742
2317
3270
5166
5335
4172
2206
5449
4327
2500
5169
3453
3129
548
1955
5442
3415
4011
1648
5755
386
1036
843
2803
862
4602
4386
354
3350
5328
4062
4706
3539
3379
5029
4742
4517
5876
768
525
634
5191
3053
2829
3229
1671
5755
5046
1384
5636
457
2071
3576
2031
3540
124
2398
2855
2848
5015
2588
1305
3235
2125
330
5761
2022
3290
1177
2904
5987
3864
5084
3828
623
1589
5785
4533
365
3359
4263
3129
2962
2630
2192
2042
517
3149
5091
723
5587
5647
4473
4794
5420
3461
5497
5093
4683
423
1521
2929
5076
1991
5591
1724
2895
398
3142
2448
4990
2585
4224
4531
5662
3855
5146
5497
5746
570
4864
5234
4631
1729
419
755
2039
4047
2479
355
1261
2056
2437
337
996
1871
2653
991
5189
574
1153
5079
1101
637
5637
3981
3435
2522
761
3638
589
2414
3546
648
58
4136
2266
4287
3628
513
4426
4755
5328
5882
5334
3808
123
66
2375
4801
4999
4942
3381
3376
4492
5681
466
5347
1785
5985
1365
2841
231
3945
2645
5484
617
730
3228
2302
4628
64
340
4104
2753
343
1472
5369
1428
1398
4985
3134
3351
2180
2811
2019
830
4161
5168
5359
577
1897
5364
434
1602
5082
4617
5004
1834
1468
360
4733
3696
1275
4728
706
2203
1114
802
4975
5159
3112
857
2042
1677
672
5056
5364
2713
2349
3082
2238
3276
1440
2833
4015
4809
1311
3636
5234
1633
999
515
1219
1504
372
740
4735
3130
5066
2294
571
5011
4537
4038
401
172
3858
5071
4883
215
3376
2334
5828
3690
45
596
4268
56
97
1871
4464
5449
2764
3802
3304
47
5023
4825
3112
1258
5745
1775
3663
5811
250
3259
4166
3665
5079
1358
4112
2948
3768
5229
1226
4210
5622
816
3285
4088
2794
3253
2254
2843
2591
542
4126
3439
1622
868
1893
1579
4351
1259
2383
692
4737
4469
127
4982
1928
5677
3090
5604
3485
3147
3916
5551
2276
5070
2384
2097
58
2748
3941
5622
3805
5736
5610
2216
2080
1844
4144
2840
4207
1786
4063
3773
553
2844
3171
5809
106
253
2304
3018
5460
2942
2392
3988
5542
1940
3425
5169
4762
1128
2644
3446
3815
5011
5166
1146
2109
4962
1325
1532
735
3752
1296
334
1989
4320
3025
3061
762
4488
2134
713
4630
837
4300
2101
5099
4096
5629
1200
2403
3243
4769
4952
225
4093
1879
525
1010
2306
2171
3384
2933
2743
5512
496
228
604
2526
747
1351
5166
3794
2960
2481
5823
57
3015
5004
2876
3898
3329
5018
5794
3018
2360
4427
1754
4203
2983
4961
4995
3070
349
2347
4874
4039
4397
12
5707
3368
5335
3976
2164
5775
2322
5081
4548
5995
136
5413
2375
633
3863
4594
4598
4893
3598
2699
281
3153
3783
1801
2812
1947
3098
3545
1614
2679
4871
3805
3950
5360
4611
1243
1665
1790
714
4614
5724
976
4397
3801
1026
1050
1708
5982
3369
2699
5910
2813
5426
1001
627
3323
3365
1642
3008
2095
130
3770
3624
3448
1502
1182
2054
5611
4860
4219
1954
4423
2015
2540
990
3695
4685
4003
1291
1308
5984
5057
972
4125
3871
5469
4961
5054
727
2796
1652
37
1115
3758
4916
3327
1392
2643
4697
2236
4159
3047
5812
3545
5439
521
3618
893
5215
296
996
5886
4252
3899
5512
5181
2184
1417
770
1547
5585
4225
5792
4859
2122
4261
4733
3036
4032
2433
488
5329
4904
4313
3566
747
258
187
2222
1189
2568
2507
1084
5628
3192
2988
3421
813
1281
2048
890
3169
4880
4804
5865
5967
2399
645
5469
5534
3237
3382
3164
1994
572
4050
5057
63
5387
869
2235
3601
4373
4303
1124
1956
5801
5911
3368
4745
2382
5589
2803
381
961
849
3976
668
3225
2086
2102
2812
1751
1212
2607
5592
3492
5729
1237
5834
271
89
5309
3090
3016
1260
4923
4219
5323
5591
1917
1679
2470
1488
5944
1535
4233
3000
1389
3639
3742
5139
5872
5053
4265
4800
718
2577
5044
3204
225
1239
2303
5194
3563
790
2227
1182
2947
5601
3025
5292
2145
2913
3253
2114
502
152
3292
592
5516
3901
4287
4809
3457
5293
5941
3924
774
2856
3374
1152
4858
340
1702
4484
5325
3731
3162
5917
4259
2530
3468
5126
3750
1424
3619
3943
5727
3716
2585
5550
2405
1297
5230
1116
1656
5585
427
4529
4301
1632
2605
1020
3742
5615
5925
5847
2363
2062
3987
674
3936
3598
5275
2057
670
478
5600
4251
1722
3957
1547
1755
2736
2464
1306
1169
1560
2659
1390
5476
3431
2758
1540
467
5811
2993
1549
4885
4637
1776
964
4852
2
3969
5404
3407
4203
1724
3824
1314
760
2638
5252
3939
5303
308
1449
4728
4235
5090
5528
798
4775
1580
1874
306
4372
393
1679
2549
4530
4938
3033
4341
5860
3287
4923
5862
1613
799
480
2095
75
2847
558
4056
4013
2982
2125
3274
5896
3950
5090
1462
783
5297
5907
948
2665
1767
4841
267
2590
3403
5896
5355
4207
1097
4276
5979
253
2422
3778
1440
2173
1778
5754
3165
2370
4353
4170
4581
586
4979
1908
4618
2612
799
3742
348
4909
625
3372
2578
4776
4048
3602
5745
4478
5750
57
191
1175
996
3899
4772
627
3021
1706
2815
5469
3985
1117
4780
2358
2243
4911
355
2491
2028
4008
5446
2860
5083
5328
3259
3190
1490
1630
3814
5760
2817
1284
4313
4250
4709
4464
4281
3388
350
2504
3920
1482
4608
5038
3929
2944
1297
5146
3967
3584
2819
56
3106
5862
4394
3870
2956
324
318
1476
2642
3226
3002
5167
2547
2776
1130
1488
4622
3579
5008
1609
1144
4655
5097
1870
5084
2941
1849
299
5692
3357
3251
3679
4569
396
2987
2170
4321
4798
2809
4732
3901
2065
1555
4377
5990
3605
2314
5840
2105
5806
2493
3498
2780
3788
940
4257
2861
2484
5917
2727
5984
2444
1500
2313
1390
1142
2005
3797
2634
4595
4160
672
3172
2904
5181
1826
4636
744
1396
1200
1390
5955
852
2810
4132
2238
4222
3878
3511
5424
3495
962
4257
3011
5189
1749
883
1519
340
4623
1941
1811
1206
3340
4766
739
453
2931
4888
4482
2695
5524
3681
2498
2460
995
4393
5398
5090
3282
4485
1008
1716
748
1150
2620
2231
4343
3062
3751
3175
4213
2682
887
2654
126
2040
3362
1728
3389
2557
6000
5310
1994
2414
3294
1310
461
1032
3692
733
1226
5501
1057
1512
1552
2277
1598
5186
721
3088
2408
2011
725
2821
4356
4796
3859
1217
3289
4555
2446
5373
3483
221
3486
4460
3892
5802
215
3667
5069
1858
3503
3116
640
5777
4593
5484
5899
1105
4997
1210
5468
4217
5307
477
4076
4741
4382
4705
5189
586
5671
2987
5745
4893
4522
4809
3333
3028
5016
1453
2984
4659
5281
4793
255
5026
4358
1604
1468
4888
1468
2210
2863
4055
3989
4059
3974
3140
5643
1913
807
5994
5225
4482
1334
3364
733
4767
3456
2560
17
3957
5898
295
4933
2467
5505
562
5627
718
2112
119
836
4345
2537
3227
5083
1890
2289
2408
4277
3571
5399
1376
3636
5372
1153
1860
3818
1653
3697
3736
4915
5542
2260
3869
1374
1618
4276
5138
5992
5906
2861
1433
1912
1789
1994
2907
4080
5343
5307
446
5688
5549
5653
5178
3068
4114
4574
1882
3999
3987
3393
448
3593
5249
5004
891
4896
3835
5418
3113
3879
498
832
4351
2821
581
3356
3277
4046
3471
603
3875
5634
2172
5121
4593
2091
2110
3052
4812
5984
183
5585
5431
1270
4174
1533
3266
1495
2885
916
2121
2073
2846
5597
2639
1718
64
5909
4567
1515
3135
3786
746
3313
1042
5146
1982
5958
5216
3243
10
425
750
4321
4045
5150
4354
1215
4758
2714
284
1576
2230
734
2561
3047
1153
4993
5832
162
3593
3892
4639
4729
782
3945
3358
5286
2785
2366
2743
3615
2417
2879
3976
3458
5568
559
3141
371
3970
971
4366
2194
2602
3923
283
4760
190
979
2165
5397
3790
342
2858
5320
5089
4855
3726
5248
4931
4743
1970
2568
1648
4259
5126
964
5978
603
1091
2764
4819
4397
842
2243
3661
3619
928
2859
5338
1165
3986
720
2753
194
1870
4695
1383
1060
3486
2311
1751
1003
4143
2045
2599
804
1135
4726
244
1306
5338
5588
507
1163
2884
4041
4749
1244
2450
4388
2824
4903
2294
1619
5271
831
1087
3982
2722
4350
1527
2255
4390
5833
5984
652
1544
1531
2802
1843
2112
4260
4476
4963
999
3325
679
435
3291
686
4091
1165
2365
1613
1108
11
1867
5091
884
539
3722
3874
4606
1791
5720
448
2696
267
5731
1194
481
1437
5392
4772
4946
2922
1995
2147
2506
5982
1458
2815
4141
1160
3520
4500
1917
1798
2833
4160
3734
1697
4287
223
3163
2484
5751
5880
4472
2161
486
2748
3277
955
740
5508
2909
3902
3408
2942
5300
5614
2329
1508
5196
1349
5532
1756
1616
5919
1767
3971
4832
3997
4831
5015
2646
2185
2542
1732
495
4611
1813
5302
1739
1965
5957
1641
5630
734
5335
1403
2721
830
1549
5171
2906
4086
686
5273
3954
2900
613
5101
2232
3930
3001
5977
2323
5958
2617
2467
2450
2012
2489
5581
4050
3468
1764
3501
360
4133
5532
3439
727
3366
4496
5759
238
4965
5156
4850
2473
4915
196
2165
2479
4183
3909
5531
5604
2502
2875
3165
5525
3499
3669
884
1724
2693
1096
713
2716
1687
4393
4506
4636
372
2940
3298
5230
187
1349
1902
957
5327
4257
2713
3733
3372
1848
877
1858
2092
3999
4801
4919
5058
5981
5547
2800
3406
5888
5852
4562
2352
5417
442
1697
5096
1208
1905
244
1427
1765
2671
5373
5750
993
5630
4404
5287
5520
1578
3732
3991
1373
5017
1848
5139
2127
2894
531
1706
1357
3584
1386
4438
5192
5807
5159
1054
1844
1314
2726
4193
337
932
5311
2599
95
5026
1282
5629
4762
641
1969
1388
1491
2390
5052
3778
987
703
3583
3334
5802
3314
3190
1098
2860
1704
3838
1715
4771
1892
1459
5699
3288
4206
4930
5142
5283
1638
1172
4254
4768
1107
5726
5825
3872
2209
3796
3205
5213
4165
1721
473
1872
3336
4861
5324
5099
5127
3187
3672
1954
5164
2321
221
1472
1462
1405
1050
340
3726
4017
908
1817
2128
392
1117
2468
5742
2383
3965
2327
2334
5012
4052
1373
4472
57
4429
2594
1784
1863
1323
3563
3832
3539
5975
4235
4337
864
1458
2658
5465
5535
4475
2495
4554
2910
791
579
1004
2153
2529
5331
4098
507
5544
3540
1226
2588
46
2011
439
5796
3053
5632
3299
2444
3468
2753
5832
5837
3509
4268
2846
1346
1707
2418
18
4590
5006
3267
3041
2995
2411
4794
3631
447
273
2832
4428
3296
1615
5476
4743
1755
902
1222
2688
3731
1374
891
531
4193
2409
4378
5073
4609
5475
2462
3521
5430
981
5261
5689
347
2785
458
1353
1946
221
4216
5376
433
3368
3544
4564
4424
1752
5090
1368
5210
1896
5547
307
1588
4986
1410
5454
5143
2499
2482
3510
1933
926
4377
847
1707
597
4342
2390
2188
321
3956
1489
1548
4827
5677
4826
2958
5999
1838
969
3067
3628
502
3530
1410
2731
4542
1804
2068
4599
2540
3471
430
3470
4426
5260
2635
182
3329
4532
3122
266
1899
5452
2863
2788
217
1844
5063
5732
3588
2909
4614
5923
5774
1773
4217
363
4737
336
1929
5424
5629
5004
1893
4584
1626
4774
260
379
1278
5692
5652
3811
3263
1857
153
2819
5864
3153
4558
2413
1133
1410
548
2759
460
29
2684
3876
1287
3065
330
4701
3896
4412
255
4013
2518
2120
2289
1146
2620
866
5334
1573
3922
1358
1134
2240
4645
845
4444
2054
611
2027
4711
2104
3096
2414
2045
4087
5849
2692
1064
3971
2369
2785
229
1203
1371
178
1507
5676
3451
4594
1566
3338
1194
312
3335
4622
2394
403
5477
5892
1656
5663
5336
4781
3494
5377
37
3698
5975
3014
743
3831
2180
5583
625
4728
1101
4757
5788
10
2141
2910
2286
5860
132
1925
3484
5772
722
3036
2226
2566
1066
92
1811
2828
4105
4408
4344
3844
2160
4812
4932
2671
3290
5719
3172
1216
5681
4853
3598
155
5429
2815
159
4165
3306
2904
2387
5226
497
1507
4656
3804
3965
983
932
3373
2855
2250
3537
4143
4372
5251
3775
2920
2714
4145
4831
3782
2048
2434
3001
4701
22
5222
4275
4357
2090
5595
5312
1238
812
1475
1182
3588
461
4420
2661
5994
1508
608
5522
4256
90
4773
3130
780
244
1934
3616
5950
3526
1705
168
2926
3699
3424
1340
1914
5453
1636
5864
5271
5466
2326
1247
4841
3817
919
5376
5581
3505
5353
5482
933
1844
3499
3197
1471
5679
5868
5914
3083
4726
5881
3379
2426
3902
1051
2373
3497
4243
5105
1371
3986
932
3505
1386
5600
99
2959
633
2707
1318
3236
3316
4570
247
5122
2653
5970
5539
5512
5302
3313
3967
3454
4529
4220
5846
1529
894
2247
2976
3158
3766
733
1840
350
796
4696
1354
1996
5423
3492
1301
94
4591
3256
2541
4301
4278
5247
3301
5813
4863
3965
3184
3974
137
3365
4111
5035
4622
2596
5123
4183
3958
4543
1943
5432
404
2931
4261
4986
5918
2965
2038
563
4975
336
621
5565
4087
12
1117
1169
5009
5487
3342
3311
1850
3080
3745
960
2664
4560
5895
3445
3727
2612
4600
5378
3434
5755
4296
406
4738
5933
4190
1283
189
5454
585
1699
5964
3954
1041
5027
4796
2875
1345
4431
447
351
862
3871
213
1548
4532
4231
1093
301
739
3217
5477
3445
5396
3782
3702
1342
3850
3607
3447
3107
5764
1653
1788
472
1752
2954
4742
2606
452
3668
3349
3055
745
962
740
3664
89
4496
1205
2620
2346
2205
4060
781
1119
2698
81
4149
5389
3812
4397
704
1259
5928
1070
2931
2781
3228
5147
5061
4187
2493
1621
564
1441
3020
1684
2507
726
3010
4715
3214
5429
3165
3711
228
5308
5329
2362
2680
5805
2807
1568
114
5983
1473
2078
2387
4233
4924
5913
452
5751
2789
4480
1876
2863
879
3650
3477
4490
1009
3664
4865
2495
3317
4533
4609
250
456
5496
3498
4574
5344
314
719
190
93
470
839
2012
3490
1857
2258
2934
3618
3301
3214
5388
1383
3097
5577
5607
5334
2863
5471
2529
2611
4266
3281
342
2993
3654
5771
3003
2722
253
3965
4525
331
5427
3963
2548
3840
3536
4142
2530
5495
3121
5153
3960
4843
4540
711
2265
3080
767
3544
4461
5568
1858
1820
3252
5001
4492
1132
5073
5002
2213
1420
4544
4874
3279
3349
3020
4932
5560
4383
2244
4160
1647
1228
1687
1995
4233
4498
5907
3749
1868
5195
2148
604
2538
5197
2577
214
2895
5052
1791
2712
4677
322
2766
3443
642
2253
3079
3854
4412
1806
4109
3849
5761
4057
942
2460
5369
4560
4009
4885
561
2627
2843
875
374
2446
2011
4063
4241
5692
5045
2057
1720
2634
202
5196
3044
824
76
1407
5768
5209
5395
2064
1523
944
1958
4705
4774
337
2377
1228
2539
2125
5176
2602
4354
856
1005
3191
1154
4285
4943
1629
464
3596
3398
618
1057
854
3784
3191
3313
2287
3021
5848
3684
1009
2937
3499
5094
2384
2927
1363
5664
5546
2618
4907
5941
1641
5926
2479
5759
2987
674
614
4008
3778
2963
2926
5930
12
4623
4188
1062
2065
5471
1551
4684
5793
1638
4873
4495
3173
975
3858
350
5308
469
1151
2153
1116
723
1569
5439
250
2849
2503
1881
4632
1616
953
2716
5589
3386
4844
1175
821
4202
4109
3163
5372
4488
578
5853
3399
2025
4916
1450
4881
4323
1763
2124
5380
3091
2879
4092
5688
1355
2299
3980
5546
1717
3558
907
1732
460
4655
5280
3518
555
5806
3965
5983
1171
4050
3449
3781
4054
1520
3629
4778
4044
4579
5178
4490
2125
3131
4885
2432
703
5229
4017
2395
306
1513
2564
2193
4559
3253
5284
4728
4175
4553
1643
5129
737
3857
1161
4365
5299
2082
4247
2046
1243
2669
4389
2140
5490
4370
508
1011
2879
4949
4459
5598
3641
2902
1942
2560
936
2984
5700
1060
2912
3660
1468
4198
3196
2669
2157
5327
1545
2586
3743
3255
2255
5680
3659
4840
4079
2482
938
4705
3692
5255
973
5662
1231
4022
4632
5
5119
1000
5460
5094
241
1099
5932
4578
2618
3713
90
3274
2915
234
1510
2985
604
2661
280
590
4177
1224
2684
411
2624
1293
4374
244
1382
3770
179
2519
4130
835
5232
797
174
4288
2751
5273
3736
4732
1792
1049
4152
2599
5286
5824
2989
4404
5007
5065
1122
3736
1550
5019
2180
4269
4057
4702
2223
1550
2227
3654
1209
1494
4246
2465
5668
4348
2380
2017
4039
5443
3463
1034
4408
2262
20
1847
2752
3274
3618
1281
2470
5570
889
5263
2739
1652
4950
4140
250
2662
134
763
2044
35
4603
1138
537
5887
5012
5892
1380
4497
4368
5951
4533
966
2270
3622
2853
542
3993
786
4651
1205
3359
1095
4901
2889
5956
2971
363
1202
2117
2744
2488
1656
5100
2534
4871
4266
5081
3435
3071
3939
4032
3161
5859
5260
2067
684
4347
5227
676
4328
1134
4076
4178
2549
1335
2613
3893
3964
3400
457
1876
3271
1790
1272
2545
477
5938
370
3278
2265
479
3166
927
4480
4489
5643
2308
5536
2357
4417
944
35
4097
2088
3879
4105
137
5348
4939
796
1176
4804
723
3544
5316
2609
577
5824
4605
4881
2046
190
5136
383
4676
3464
5086
5215
5634
5132
1548
1114
4378
5100
1572
4641
4571
2552
1671
3724
1577
2111
3021
1100
1219
525
4774
2779
1984
4888
3247
2049
2594
3827
2326
1571
1731
225
155
1820
2805
3874
3105
5566
1926
943
126
1152
1688
4361
919
180
5037
3064
3815
1587
2299
676
1942
2367
2520
3375
1155
4963
3399
710
2195
933
582
3730
4836
1696
4591
2100
5203
4092
477
1908
3009
5078
1250
4539
3339
180
1235
380
1524
4285
1908
5206
3888
5019
4225
5806
3457
4324
211
4915
2344
4865
440
5600
3185
4616
3142
70
4983
1430
929
5426
1822
3430
2617
3005
202
913
4229
2906
4246
2884
1126
2802
1695
518
242
2441
1519
2715
5563
2168
5935
3406
3437
3418
3966
2540
879
3462
2029
4561
1752
3696
5680
3805
743
4448
5456
5512
3144
1660
2732
4148
3807
5877
4692
3377
3141
5717
2867
2372
3770
4463
5281
3204
4312
1528
1936
3757
4868
357
3342
2046
4062
2869
5871
4899
1934
1695
4060
2751
634
1389
4441
4806
5699
4307
4169
2915
2724
4165
2594
458
3443
4177
2955
1971
5610
1341
633
4537
4700
5737
5811
4862
185
1718
2020
4532
5106
2577
3848
2268
4812
5617
3063
5952
3084
4672
4609
4847
3360
1847
4273
3833
1490
1685
4387
441
4376
5135
662
4271
5881
5465
4192
4730
5733
1823
5753
3170
2535
4293
4869
5264
4698
3200
3563
4938
2907
4995
2408
2363
2790
5276
368
3323
2623
4476
5959
3835
4343
3356
1483
4123
4700
3782
579
5957
3159
1239
3852
2947
118
5273
240
711
1164
4380
718
773
4404
983
2104
2717
2454
5849
2152
3497
4362
3765
2610
809
5632
5429
4699
1172
622
298
3384
4762
840
1685
926
2181
3128
549
2498
5074
3377
335
1152
1022
233
5769
4098
1306
1303
5772
5109
5933
1543
614
2934
3928
1939
50
837
2062
4161
4479
3804
118
3636
5213
3569
3404
3467
2615
5443
1499
2737
2235
4874
194
3109
5149
5880
5258
3124
3487
3854
5993
4326
3543
3779
1609
3234
998
5648
2147
4261
3635
1801
79
2960
387
19
4877
4424
3796
1494
544
2328
3789
313
1649
1931
4323
4752
4514
1351
4606
2543
3092
3695
3645
2347
1594
5949
4431
1878
2138
3184
4418
3576
5619
4350
3970
1327
5614
4932
107
537
372
5859
5306
2863
4985
3414
4139
2057
4411
1389
4329
2784
473
4467
5204
3793
3900
675
1690
2569
2247
4882
3805
2543
1961
2533
2086
12
5901
3321
4628
2273
2469
2100
3238
4909
940
3218
2827
2899
5770
2431
1379
5052
476
5802
3807
326
5279
5356
5608
1838
3838
4883
3591
3802
5416
5996
912
2231
3323
2576
2360
68
4846
4839
5243
5370
3791
584
5245
5368
4475
4775
1429
5597
1309
1199
1962
5809
5182
3979
301
5168
570
5671
2381
2116
3715
3051
847
1431
2281
5095
2597
4303
2753
4313
4730
4737
1240
2461
3616
3268
4561
641
